10 4186.647461
0 2175.753418
1 2349.908447
2 2588.782715
3 2958.667480
4 3716.666748
5 3157.392578
6 3003.984375
7 3026.282959
8 3223.407227
9 3437.001465
10 4186.647461
11 3296.130615
12 2896.395264
13 2671.705566
14 2555.333008
15 2577.939209
16 2295.619385
17 2127.446533
18 2004.760986
19 1908.203857
20 1829.370850
21 1763.864136
22 1709.251709
23 1664.384766
24 1629.349487
25 1606.194580
26 1602.098389
27 1648.092285
28 1529.715576
29 1460.555908
30 1408.655518
31 1365.792603
32 1328.674072
33 1295.641968
34 1265.731201
